   95 84 02 08 74 84 02 08 74 01 00 01 01 15 00 08 00 16 01 17 00 08 00 16 00 09 9e
   95 84 02 08 74 84 02 08 74 02 99 38 00 09 ca f1 00 c7 00 ce 09 28 13 87 00 2a 92
   95 84 02 08 74 84 02 08 74 83 00 00 00 02 03 e9 00 25 00 11 98 b7 e5

   95 84 02 08 74 84 02 08 74 01 00 01 01 15 00 08 00 16 01 16 00 08 00 16 00 09 9f
   95 84 02 08 74 84 02 08 74 02 99 38 00 09 ca f1 00 c7 00 ce 09 28 13 87 00 2a 92
   95 84 02 08 74 84 02 08 74 83 00 00 00 02 03 e9 00 24 00 12 99 7f 2e

   95 84 02 08 74 84 02 08 74 01 00 01 01 15 00 08 00 16 01 15 00 08 00 16 00 09 9c
   95 84 02 08 74 84 02 08 74 02 99 38 00 09 ca f1 00 c7 00 ce 09 28 13 86 00 2a 93
   95 84 02 08 74 84 02 08 74 83 00 00 00 02 03 e9 00 24 00 13 d8 08 19

   95 84 02 08 74 84 02 08 74 01 00 01 01 15 00 08 00 16 01 16 00 08 00 16 00 09 9f
   95 84 02 08 74 84 02 08 74 02 99 38 00 09 ca f1 00 c7 00 ce 09 28 13 86 00 2a 93
   95 84 02 08 74 84 02 08 74 83 00 00 00 02 03 e9 00 25 00 18 ea b5 9c

   95 84 02 08 74 84 02 08 74 01 00 01 01 16 00 08 00 16 01 16 00 08 00 16 00 09 9c
   95 84 02 08 74 84 02 08 74 02 99 38 00 09 ca f1 00 c7 00 ce 09 29 13 88 00 2a 9c
   95 84 02 08 74 84 02 08 74 83 00 00 00 02 03 e9 00 25 00 1c 26 d5 34

   95 84 02 08 74 84 02 08 74 01 00 01 01 15 00 07 00 14 01 15 00 07 00 15 00 09 9d
   95 84 02 08 74 84 02 08 74 02 99 38 00 09 ca f1 00 c7 00 ce 09 28 13 8a 00 27 92
   95 84 02 08 74 84 02 08 74 83 00 00 00 02 03 e9 00 23 00 25 2d 6c b9

   95 84 02 08 74 84 02 08 74 01 00 01 01 14 00 07 00 13 01 13 00 07 00 13 00 09 9b
   95 84 02 08 74 84 02 08 74 02 99 38 00 09 ca f1 00 c7 00 ce 09 27 13 8a 00 25 9f
   95 84 02 08 74 84 02 08 74 83 00 00 00 02 03 ea 00 25 00 2a 8a f0 88

   95 84 02 08 74 84 02 08 74 01 00 01 01 14 00 06 00 12 01 13 00 06 00 11 00 09 98
   95 84 02 08 74 84 02 08 74 02 99 38 00 09 ca f1 00 c7 00 ce 09 27 13 89 00 21 98
   95 84 02 08 74 84 02 08 74 83 00 00 00 01 03 e8 00 25 00 30 e1 0a 02

   95 84 02 08 74 84 02 08 74 01 00 01 01 12 00 06 00 11 01 13 00 06 00 10 00 09 9c
   95 84 02 08 74 84 02 08 74 02 99 38 00 09 ca f1 00 c7 00 ce 09 20 13 87 00 20 90
   95 84 02 08 74 84 02 08 74 83 00 00 00 01 03 e9 00 25 00 34 bb e1 b6

   95 84 02 08 74 84 02 08 74 01 00 01 01 12 00 06 00 11 01 13 00 06 00 10 00 09 9c
   95 84 02 08 74 84 02 08 74 02 99 38 00 09 ca f1 00 c7 00 ce 09 21 13 87 00 20 91
   95 84 02 08 74 84 02 08 74 83 00 00 00 01 03 e9 00 26 00 36 a1 e7 ab

   95 84 02 08 74 84 02 08 74 01 00 01 01 12 00 06 00 10 01 13 00 06 00 10 00 09 9d
   95 84 02 08 74 84 02 08 74 02 99 39 00 09 ca f1 00 c8 00 ce 09 26 13 87 00 1f a7
   95 84 02 08 74 84 02 08 74 83 00 00 00 01 03 e9 00 25 00 38 84 87 e3

