   95 84 02 08 74 84 02 08 74 83 00 00 00 02 03 e8 00 25 00 11 30 a0 5b
   95 84 02 08 74 84 02 08 74 02 99 38 00 09 ca f1 00 c7 00 ce 09 27 13 87 00 2a 9d
   95 84 02 08 74 84 02 08 74 83 00 00 00 02 03 e8 00 25 00 11 30 a0 5b
   95 84 02 08 74 84 02 08 74 02 99 38 00 09 ca f1 00 c7 00 ce 09 28 13 87 00 2a 92
   95 84 02 08 74 84 02 08 74 83 00 00 00 02 03 e9 00 25 00 11 98 b7 e5
   95 84 02 08 74 84 02 08 74 01 00 01 01 15 00 08 00 16 01 17 00 08 00 16 00 09 9e
   95 84 02 08 74 84 02 08 74 02 99 38 00 09 ca f1 00 c7 00 ce 09 28 13 87 00 2a 92
   95 84 02 08 74 84 02 08 74 83 00 00 00 02 03 e9 00 25 00 11 98 b7 e5
   95 84 02 08 74 84 02 08 74 02 99 38 00 09 ca f1 00 c7 00 ce 09 28 13 87 00 2a 92
   95 84 02 08 74 84 02 08 74 83 00 00 00 02 03 e9 00 25 00 11 58 da 48
   95 84 02 08 74 84 02 08 74 01 00 01 01 15 00 08 00 16 01 16 00 08 00 16 00 09 9f
   95 84 02 08 74 84 02 08 74 02 99 38 00 09 ca f1 00 c7 00 ce 09 28 13 87 00 2a 92
   95 84 02 08 74 84 02 08 74 83 00 00 00 02 03 e9 00 24 00 12 99 7f 2e
   95 84 02 08 74 84 02 08 74 02 99 38 00 09 ca f1 00 c7 00 ce 09 28 13 86 00 2a 93
   95 84 02 08 74 84 02 08 74 01 00 01 01 15 00 08 00 16 01 15 00 08 00 16 00 09 9c
   95 84 02 08 74 84 02 08 74 02 99 38 00 09 ca f1 00 c7 00 ce 09 28 13 86 00 2a 93
   95 84 02 08 74 84 02 08 74 83 00 00 00 02 03 e9 00 24 00 13 d8 08 19
   95 84 02 08 74 84 02 08 74 02 99 38 00 09 ca f1 00 c7 00 ce 09 28 13 86 00 2a 93
   95 84 02 08 74 84 02 08 74 83 00 00 00 02 03 e9 00 26 00 14 da e8 fe
   95 84 02 08 74 84 02 08 74 02 99 38 00 09 ca f1 00 c7 00 ce 09 28 13 87 00 2a 92
   95 84 02 08 74 84 02 08 74 83 00 00 00 02 03 ea 00 25 00 14 ef 45 66
   95 84 02 08 74 84 02 08 74 02 99 38 00 09 ca f1 00 c7 00 ce 09 2a 13 86 00 2a 91
   95 84 02 08 74 84 02 08 74 83 00 00 00 02 03 e9 00 25 00 15 af f4 95
   95 84 02 08 74 84 02 08 74 02 99 38 00 09 ca f1 00 c7 00 ce 09 28 13 85 00 2a 90
   95 84 02 08 74 84 02 08 74 83 00 00 00 02 03 e9 00 25 00 18 df 18 04
   95 84 02 08 74 84 02 08 74 01 00 01 01 15 00 08 00 16 01 16 00 08 00 16 00 09 9f
   95 84 02 08 74 84 02 08 74 02 99 38 00 09 ca f1 00 c7 00 ce 09 28 13 86 00 2a 93
   95 84 02 08 74 84 02 08 74 83 00 00 00 02 03 e9 00 25 00 18 ea b5 9c
   95 84 02 08 74 84 02 08 74 83 00 00 00 02 03 e9 00 25 00 19 2a 74 9c
   95 84 02 08 74 84 02 08 74 01 00 01 01 15 00 08 00 16 01 15 00 08 00 16 00 09 9c
   95 84 02 08 74 84 02 08 74 02 99 38 00 09 ca f1 00 c7 00 ce 09 28 13 88 00 2a 9d
   95 84 02 08 74 84 02 08 74 01 00 01 01 16 00 08 00 16 01 15 00 08 00 16 00 09 9f
   95 84 02 08 74 84 02 08 74 01 00 01 01 16 00 08 00 16 01 15 00 08 00 16 00 09 9f
   95 84 02 08 74 84 02 08 74 83 00 00 00 02 03 e9 00 24 00 1c e6 45 65
   95 84 02 08 74 84 02 08 74 02 99 38 00 09 ca f1 00 c7 00 ce 09 28 13 88 00 2a 9d
   95 84 02 08 74 84 02 08 74 83 00 00 00 02 03 e9 00 24 00 1c e6 45 65
   95 84 02 08 74 84 02 08 74 02 99 38 00 09 ca f1 00 c7 00 ce 09 28 13 88 00 2a 9d
   95 84 02 08 74 84 02 08 74 01 00 01 01 16 00 08 00 16 01 15 00 08 00 16 00 09 9f
   95 84 02 08 74 84 02 08 74 01 00 01 01 16 00 08 00 16 01 16 00 08 00 16 00 09 9c
   95 84 02 08 74 84 02 08 74 02 99 38 00 09 ca f1 00 c7 00 ce 09 29 13 88 00 2a 9c
   95 84 02 08 74 84 02 08 74 83 00 00 00 02 03 e9 00 25 00 1c 26 d5 34
   95 84 02 08 74 84 02 08 74 02 99 38 00 09 ca f1 00 c7 00 ce 09 27 13 87 00 29 9e
   95 84 02 08 74 84 02 08 74 83 00 00 00 02 03 e9 00 25 00 1d a9 42 2d
   95 84 02 08 74 84 02 08 74 83 00 00 00 02 03 e9 00 24 00 1f 04 2e ef
   95 84 02 08 74 84 02 08 74 01 00 01 01 17 00 08 00 15 01 16 00 08 00 15 00 09 9d
   95 84 02 08 74 84 02 08 74 02 99 38 00 09 ca f1 00 c7 00 ce 09 26 13 87 00 29 9f
   95 84 02 08 74 84 02 08 74 02 99 38 00 09 ca f1 00 c7 00 ce 09 26 13 87 00 28 9e
   95 84 02 08 74 84 02 08 74 02 99 38 00 09 ca f1 00 c7 00 ce 09 27 13 87 00 28 9f
   95 84 02 08 74 84 02 08 74 02 99 38 00 09 ca f1 00 c7 00 ce 09 27 13 88 00 28 90
   95 84 02 08 74 84 02 08 74 02 99 38 00 09 ca f1 00 c7 00 ce 09 25 13 88 00 28 92
   95 84 02 08 74 84 02 08 74 83 00 00 00 02 03 e9 00 24 00 22 d5 83 ae
   95 84 02 08 74 84 02 08 74 02 99 38 00 09 ca f1 00 c7 00 ce 09 25 13 88 00 28 92
   95 84 02 08 74 84 02 08 74 83 00 00 00 02 03 e9 00 24 00 22 d5 83 ae
   95 84 02 08 74 84 02 08 74 83 00 00 00 02 03 e9 00 25 00 22 b9 da 9a
   95 84 02 08 74 84 02 08 74 02 99 38 00 09 ca f1 00 c7 00 ce 09 26 13 89 00 28 90
   95 84 02 08 74 84 02 08 74 83 00 00 00 02 03 e9 00 25 00 22 95 93 ff
   95 84 02 08 74 84 02 08 74 01 00 01 01 17 00 07 00 14 01 17 00 08 00 15 00 09 92
   95 84 02 08 74 84 02 08 74 02 99 38 00 09 ca f1 00 c7 00 ce 09 25 13 8a 00 28 90
   95 84 02 08 74 84 02 08 74 02 99 38 00 09 ca f1 00 c7 00 ce 09 27 13 8a 00 28 92
   95 84 02 08 74 84 02 08 74 83 00 00 00 02 03 ea 00 25 00 23 56 fe 53
   95 84 02 08 74 84 02 08 74 02 99 38 00 09 ca f1 00 c7 00 ce 09 27 13 8a 00 28 92
   95 84 02 08 74 84 02 08 74 83 00 00 00 02 03 ea 00 25 00 23 56 fe 53
   95 84 02 08 74 84 02 08 74 02 99 38 00 09 ca f1 00 c7 00 ce 09 28 13 8a 00 27 92
   95 84 02 08 74 84 02 08 74 83 00 00 00 02 03 e9 00 25 00 24 28 8c 5b
   95 84 02 08 74 84 02 08 74 01 00 01 01 15 00 07 00 14 01 15 00 08 00 15 00 09 92
   95 84 02 08 74 84 02 08 74 02 99 38 00 09 ca f1 00 c7 00 ce 09 27 13 8a 00 27 9d
   95 84 02 08 74 84 02 08 74 02 99 38 00 09 ca f1 00 c7 00 ce 09 27 13 8a 00 27 9d
   95 84 02 08 74 84 02 08 74 83 00 00 00 02 03 e9 00 25 00 24 98 6c 0b
   95 84 02 08 74 84 02 08 74 01 00 01 01 15 00 07 00 14 01 15 00 07 00 15 00 09 9d
   95 84 02 08 74 84 02 08 74 02 99 38 00 09 ca f1 00 c7 00 ce 09 28 13 8a 00 27 92
   95 84 02 08 74 84 02 08 74 83 00 00 00 02 03 e9 00 23 00 25 2d 6c b9
   95 84 02 08 74 84 02 08 74 02 99 38 00 09 ca f1 00 c7 00 ce 09 28 13 89 00 27 91
   95 84 02 08 74 84 02 08 74 83 00 00 00 02 03 e9 00 23 00 26 2c 2c fb
   95 84 02 08 74 84 02 08 74 02 99 38 00 09 ca f1 00 c7 00 ce 09 28 13 89 00 26 90
   95 84 02 08 74 84 02 08 74 01 00 01 01 15 00 07 00 14 01 16 00 07 00 14 00 09 9f
   95 84 02 08 74 84 02 08 74 02 99 38 00 09 ca f1 00 c7 00 ce 09 27 13 89 00 26 9f
   95 84 02 08 74 84 02 08 74 83 00 00 00 02 03 e9 00 24 00 27 60 78 e5
   95 84 02 08 74 84 02 08 74 83 00 00 00 02 03 ea 00 25 00 27 67 27 bf
   95 84 02 08 74 84 02 08 74 83 00 00 00 02 03 e9 00 24 00 27 a7 47 1d
   95 84 02 08 74 84 02 08 74 02 99 38 00 09 ca f1 00 c7 00 ce 09 29 13 8a 00 26 92
   95 84 02 08 74 84 02 08 74 83 00 00 00 02 03 e9 00 24 00 28 a3 07 56
   95 84 02 08 74 84 02 08 74 01 00 01 01 15 00 07 00 14 01 15 00 07 00 14 00 09 9c
   95 84 02 08 74 84 02 08 74 02 99 38 00 09 ca f1 00 c7 00 ce 09 29 13 8a 00 26 92
   95 84 02 08 74 84 02 08 74 01 00 01 01 15 00 07 00 13 01 14 00 07 00 14 00 09 9a
   95 84 02 08 74 84 02 08 74 02 99 38 00 09 ca f1 00 c7 00 ce 09 29 13 8a 00 25 91
   95 84 02 08 74 84 02 08 74 02 99 38 00 09 ca f1 00 c7 00 ce 09 28 13 8a 00 25 90
   95 84 02 08 74 84 02 08 74 83 00 00 00 02 03 e9 00 25 00 2a 22 f3 20
   95 84 02 08 74 84 02 08 74 83 00 00 00 02 03 e9 00 25 00 2a 22 f3 20
   95 84 02 08 74 84 02 08 74 02 99 38 00 09 ca f1 00 c7 00 ce 09 28 13 8a 00 25 90
   95 84 02 08 74 84 02 08 74 83 00 00 00 02 03 e9 00 25 00 2a 22 f3 20
   95 84 02 08 74 84 02 08 74 01 00 01 01 14 00 07 00 13 01 13 00 07 00 13 00 09 9b
   95 84 02 08 74 84 02 08 74 02 99 38 00 09 ca f1 00 c7 00 ce 09 27 13 8a 00 25 9f
   95 84 02 08 74 84 02 08 74 83 00 00 00 02 03 ea 00 25 00 2a 8a f0 88
   95 84 02 08 74 84 02 08 74 83 00 00 00 02 03 e9 00 25 00 2b 71 3b ba
   95 84 02 08 74 84 02 08 74 02 99 38 00 09 ca f1 00 c7 00 ce 09 27 13 8b 00 23 98
   95 84 02 08 74 84 02 08 74 83 00 00 00 01 03 e9 00 25 00 2d e9 74 68
   95 84 02 08 74 84 02 08 74 83 00 00 00 01 03 e9 00 25 00 2d 45 bd 0d
   95 84 02 08 74 84 02 08 74 02 99 38 00 09 ca f1 00 c7 00 ce 09 29 13 8b 00 23 96
   95 84 02 08 74 84 02 08 74 83 00 00 00 01 03 ea 00 25 00 2d 11 ba 5d
   95 84 02 08 74 84 02 08 74 02 99 38 00 09 ca f1 00 c7 00 ce 09 26 13 8b 00 22 98
   95 84 02 08 74 84 02 08 74 01 00 01 01 15 00 07 00 12 01 14 00 07 00 12 00 09 9d
   95 84 02 08 74 84 02 08 74 01 00 01 01 15 00 07 00 12 01 13 00 06 00 12 00 09 9b
   95 84 02 08 74 84 02 08 74 02 99 38 00 09 ca f1 00 c7 00 ce 09 26 13 8a 00 22 99
   95 84 02 08 74 84 02 08 74 83 00 00 00 01 03 eb 00 25 00 2e c2 4d 7b
   95 84 02 08 74 84 02 08 74 83 00 00 00 01 03 eb 00 25 00 2f 02 8c 7b
   95 84 02 08 74 84 02 08 74 83 00 00 00 01 03 e9 00 25 00 2f 03 31 c5
   95 84 02 08 74 84 02 08 74 02 99 38 00 09 ca f1 00 c7 00 ce 09 27 13 89 00 22 9b
   95 84 02 08 74 84 02 08 74 83 00 00 00 01 03 ea 00 25 00 2f af 7d 26
   95 84 02 08 74 84 02 08 74 02 99 38 00 09 ca f1 00 c7 00 ce 09 27 13 89 00 22 9b
   95 84 02 08 74 84 02 08 74 83 00 00 00 01 03 ea 00 25 00 2f e8 05 19
   95 84 02 08 74 84 02 08 74 83 00 00 00 01 03 ea 00 25 00 2f e8 05 19
   95 84 02 08 74 84 02 08 74 02 99 38 00 09 ca f1 00 c7 00 ce 09 27 13 89 00 22 9b
   95 84 02 08 74 84 02 08 74 01 00 01 01 14 00 06 00 12 01 13 00 06 00 11 00 09 98
   95 84 02 08 74 84 02 08 74 02 99 38 00 09 ca f1 00 c7 00 ce 09 27 13 89 00 21 98
   95 84 02 08 74 84 02 08 74 83 00 00 00 01 03 e8 00 25 00 30 e1 0a 02
   95 84 02 08 74 84 02 08 74 02 99 38 00 09 ca f1 00 c7 00 ce 09 27 13 89 00 21 98
   95 84 02 08 74 84 02 08 74 83 00 00 00 01 03 e9 00 25 00 30 a5 7d 30
   95 84 02 08 74 84 02 08 74 83 00 00 00 01 03 e9 00 25 00 31 65 bc 30
   95 84 02 08 74 84 02 08 74 02 99 38 00 09 ca f1 00 c7 00 ce 09 27 13 89 00 21 98
   95 84 02 08 74 84 02 08 74 83 00 00 00 01 03 e9 00 25 00 31 65 bc 30
   95 84 02 08 74 84 02 08 74 02 99 38 00 09 ca f1 00 c7 00 ce 09 27 13 89 00 21 98
   95 84 02 08 74 84 02 08 74 02 99 38 00 09 ca f1 00 c7 00 ce 09 27 13 89 00 21 98
   95 84 02 08 74 84 02 08 74 83 00 00 00 01 03 ea 00 25 00 32 a5 bd f1
   95 84 02 08 74 84 02 08 74 02 99 38 00 09 ca f1 00 c7 00 ce 09 27 13 89 00 21 98
   95 84 02 08 74 84 02 08 74 83 00 00 00 01 03 e9 00 25 00 32 64 fc 72
   95 84 02 08 74 84 02 08 74 01 00 01 01 12 00 06 00 11 01 14 00 06 00 11 00 09 9a
   95 84 02 08 74 84 02 08 74 02 99 38 00 09 ca f1 00 c7 00 ce 09 27 13 88 00 20 98
   95 84 02 08 74 84 02 08 74 02 99 38 00 09 ca f1 00 c7 00 ce 09 27 13 88 00 20 98
   95 84 02 08 74 84 02 08 74 83 00 00 00 01 03 eb 00 25 00 33 b5 4a 16
   95 84 02 08 74 84 02 08 74 02 99 38 00 09 ca f1 00 c7 00 ce 09 20 13 88 00 20 9f
   95 84 02 08 74 84 02 08 74 83 00 00 00 01 03 e9 00 25 00 33 77 74 e8
   95 84 02 08 74 84 02 08 74 02 99 38 00 09 ca f1 00 c7 00 ce 09 20 13 87 00 20 90
   95 84 02 08 74 84 02 08 74 83 00 00 00 01 03 eb 00 25 00 34 7b 98 0d
   95 84 02 08 74 84 02 08 74 01 00 01 01 12 00 06 00 11 01 13 00 06 00 10 00 09 9c
   95 84 02 08 74 84 02 08 74 02 99 38 00 09 ca f1 00 c7 00 ce 09 20 13 87 00 20 90
   95 84 02 08 74 84 02 08 74 83 00 00 00 01 03 e9 00 25 00 34 bb e1 b6
   95 84 02 08 74 84 02 08 74 01 00 01 01 12 00 06 00 11 01 13 00 06 00 10 00 09 9c
   95 84 02 08 74 84 02 08 74 02 99 38 00 09 ca f1 00 c7 00 ce 09 21 13 87 00 20 91
   95 84 02 08 74 84 02 08 74 83 00 00 00 01 03 e9 00 26 00 36 a1 e7 ab
   95 84 02 08 74 84 02 08 74 01 00 01 01 11 00 06 00 10 01 13 00 06 00 10 00 09 9e
   95 84 02 08 74 84 02 08 74 01 00 01 01 11 00 06 00 10 01 12 00 06 00 10 00 09 9f
   95 84 02 08 74 84 02 08 74 02 99 39 00 09 ca f1 00 c8 00 ce 09 25 13 87 00 1f a4
   95 84 02 08 74 84 02 08 74 01 00 01 01 12 00 06 00 10 01 13 00 06 00 10 00 09 9d
   95 84 02 08 74 84 02 08 74 02 99 39 00 09 ca f1 00 c8 00 ce 09 26 13 87 00 1f a7
   95 84 02 08 74 84 02 08 74 83 00 00 00 01 03 e9 00 25 00 38 84 87 e3
   95 84 02 08 74 84 02 08 74 02 99 39 00 09 ca f1 00 c8 00 ce 09 26 13 86 00 1f a6
   95 84 02 08 74 84 02 08 74 83 00 00 00 01 03 ea 00 25 00 39 b0 35 67
   95 84 02 08 74 84 02 08 74 01 00 01 01 11 00 06 00 10 01 12 00 06 00 10 00 09 9f
   95 84 02 08 74 84 02 08 74 02 99 39 00 09 ca f1 00 c8 00 ce 09 25 13 86 00 1f a5
   95 84 02 08 74 84 02 08 74 02 99 39 00 09 ca f1 00 c8 00 ce 09 27 13 85 00 1f a4
   95 84 02 08 74 84 02 08 74 83 00 00 00 01 03 e9 00 25 00 39 72 f6 65
   95 84 02 08 74 84 02 08 74 01 00 01 01 11 00 06 00 10 01 12 00 06 00 10 00 09 9f
   95 84 02 08 74 84 02 08 74 02 99 39 00 09 ca f1 00 c8 00 ce 09 25 13 87 00 1e a5
   95 84 02 08 74 84 02 08 74 83 00 00 00 01 03 ea 00 24 00 3d ce 63 4a
   95 84 02 08 74 84 02 08 74 01 00 01 01 11 00 06 00 10 01 12 00 06 00 10 00 09 9f
   95 84 02 08 74 84 02 08 74 02 99 39 00 09 ca f1 00 c8 00 ce 09 25 13 87 00 1e a5
   95 84 02 08 74 84 02 08 74 02 99 39 00 09 ca f1 00 c8 00 ce 09 24 13 87 00 1e a4
   95 84 02 08 74 84 02 08 74 83 00 00 00 01 03 ea 00 24 00 3e 63 5e d9
   95 84 02 08 74 84 02 08 74 83 00 00 00 01 03 ea 00 24 00 3f 8e 54 3f
   95 84 02 08 74 84 02 08 74 02 99 39 00 09 ca f1 00 c8 00 ce 09 25 13 86 00 1e a4
   95 84 02 08 74 84 02 08 74 83 00 00 00 01 03 e9 00 24 00 3f 22 6d a9
   95 84 02 08 74 84 02 08 74 01 00 01 01 10 00 06 00 10 01 12 00 06 00 10 00 09 9e
   95 84 02 08 74 84 02 08 74 02 99 39 00 09 ca f1 00 c8 00 ce 09 25 13 86 00 1e a4
   95 84 02 08 74 84 02 08 74 83 00 00 00 01 03 ea 00 26 00 40 ae b4 82
   95 84 02 08 74 84 02 08 74 01 00 01 01 0f 00 06 00 10 01 10 00 06 00 10 00 09 83
   95 84 02 08 74 84 02 08 74 01 00 01 01 11 00 06 00 10 01 11 00 06 00 10 00 09 9c
   95 84 02 08 74 84 02 08 74 83 00 00 00 01 03 eb 00 25 00 41 ae 79 4c
   95 84 02 08 74 84 02 08 74 02 99 39 00 09 ca f1 00 c8 00 ce 09 1f 13 86 00 1e 9e
   95 84 02 08 74 84 02 08 74 83 00 00 00 01 03 ea 00 25 00 41 d1 37 7c
   95 84 02 08 74 84 02 08 74 83 00 00 00 01 03 ea 00 25 00 42 6f b0 46
   95 84 02 08 74 84 02 08 74 01 00 01 01 10 00 06 00 10 01 11 00 06 00 10 00 09 9d
   95 84 02 08 74 84 02 08 74 83 00 00 00 01 03 e9 00 26 00 44 6c 06 f5
   95 84 02 08 74 84 02 08 74 02 99 39 00 09 ca f1 00 c8 00 ce 09 27 13 87 00 1e a7
   95 84 02 08 74 84 02 08 74 83 00 00 00 01 03 e8 00 26 00 44 a5 ad 96
   95 84 02 08 74 84 02 08 74 01 00 01 01 10 00 06 00 10 01 11 00 06 00 10 00 09 9d
   95 84 02 08 74 84 02 08 74 83 00 00 00 01 03 eb 00 26 00 44 81 00 1c
   95 84 02 08 74 84 02 08 74 02 99 39 00 09 ca f1 00 c8 00 ce 09 27 13 87 00 1e a7
   95 84 02 08 74 84 02 08 74 02 99 39 00 09 ca f1 00 c8 00 ce 09 27 13 86 00 1e a6
   95 84 02 08 74 84 02 08 74 01 00 01 01 10 00 06 00 10 01 12 00 06 00 10 00 09 9e
   95 84 02 08 74 84 02 08 74 01 00 01 01 10 00 06 00 10 01 11 00 06 00 10 00 09 9d
   95 84 02 08 74 84 02 08 74 83 00 00 00 01 03 e8 00 25 00 46 c1 f6 a8
   95 84 02 08 74 84 02 08 74 01 00 01 01 10 00 06 00 10 01 11 00 06 00 10 00 09 9d
   95 84 02 08 74 84 02 08 74 02 99 39 00 09 ca f1 00 c8 00 ce 09 26 13 86 00 1e a7
   95 84 02 08 74 84 02 08 74 01 00 01 01 10 00 06 00 10 01 11 00 06 00 10 00 09 9d
   95 84 02 08 74 84 02 08 74 02 99 39 00 09 ca f1 00 c8 00 ce 09 26 13 87 00 1e a6
   95 84 02 08 74 84 02 08 74 02 99 39 00 09 ca f1 00 c8 00 ce 09 25 13 87 00 1e a5
   95 84 02 08 74 84 02 08 74 02 99 39 00 09 ca f1 00 c8 00 ce 09 24 13 86 00 1e a5
   95 84 02 08 74 84 02 08 74 02 99 39 00 09 ca f1 00 c8 00 ce 09 25 13 86 00 1e a4
   95 84 02 08 74 84 02 08 74 83 00 00 00 01 03 e8 00 25 00 49 c4 f5 a1
   95 84 02 08 74 84 02 08 74 02 99 39 00 09 ca f1 00 c8 00 ce 09 25 13 86 00 1e a4
   95 84 02 08 74 84 02 08 74 02 99 39 00 09 ca f1 00 c8 00 ce 09 25 13 87 00 1e a5
   95 84 02 08 74 84 02 08 74 83 00 00 00 01 03 eb 00 25 00 4a 44 47 93
   95 84 02 08 74 84 02 08 74 01 00 01 01 10 00 06 00 10 01 11 00 06 00 10 00 09 9d
   95 84 02 08 74 84 02 08 74 02 99 39 00 09 ca f1 00 c8 00 ce 09 25 13 87 00 1e a5
   95 84 02 08 74 84 02 08 74 83 00 00 00 01 03 ea 00 26 00 4a 84 3e 28
   95 84 02 08 74 84 02 08 74 02 99 39 00 09 ca f1 00 c8 00 ce 09 25 13 87 00 1e a5
   95 84 02 08 74 84 02 08 74 83 00 00 00 01 03 e9 00 25 00 4b a0 cf fc
   95 84 02 08 74 84 02 08 74 01 00 01 01 0f 00 06 00 10 01 10 00 06 00 10 00 09 83
   95 84 02 08 74 84 02 08 74 02 99 39 00 09 ca f1 00 c8 00 ce 09 25 13 86 00 1e a4
   95 84 02 08 74 84 02 08 74 83 00 00 00 01 03 eb 00 25 00 4c 23 f5 40
   95 84 02 08 74 84 02 08 74 02 99 39 00 09 ca f1 00 c8 00 ce 09 25 13 86 00 1e a4
   95 84 02 08 74 84 02 08 74 83 00 00 00 01 03 e9 00 24 00 4e e2 5c 29
   95 84 02 08 74 84 02 08 74 83 00 00 00 01 03 e9 00 24 00 4e e2 5c 29
   95 84 02 08 74 84 02 08 74 83 00 00 00 01 03 e9 00 25 00 4f 4d 6d b7
   95 84 02 08 74 84 02 08 74 02 99 39 00 09 ca f1 00 c8 00 ce 09 24 13 85 00 1e a6
   95 84 02 08 74 84 02 08 74 01 00 01 01 0e 00 06 00 10 01 11 00 06 00 10 00 09 83
   95 84 02 08 74 84 02 08 74 83 00 00 00 01 03 eb 00 24 00 4f e1 8c f9
   95 84 02 08 74 84 02 08 74 83 00 00 00 01 03 e9 00 25 00 50 ce c8 8e
   95 84 02 08 74 84 02 08 74 02 99 39 00 09 ca f1 00 c8 00 ce 09 24 13 86 00 1e a5
   95 84 02 08 74 84 02 08 74 02 99 39 00 09 ca f1 00 c8 00 ce 09 24 13 86 00 1e a5
   95 84 02 08 74 84 02 08 74 83 00 00 00 01 03 eb 00 25 00 51 ce 70 35
   95 84 02 08 74 84 02 08 74 02 99 39 00 09 ca f1 00 c8 00 ce 09 23 13 86 00 1e a2
   95 84 02 08 74 84 02 08 74 83 00 00 00 01 03 eb 00 25 00 51 cc 37 70
   95 84 02 08 74 84 02 08 74 02 99 39 00 09 ca f1 00 c8 00 ce 09 24 13 86 00 1e a5
   95 84 02 08 74 84 02 08 74 01 00 01 01 0e 00 06 00 10 01 10 00 06 00 10 00 09 82
   95 84 02 08 74 84 02 08 74 02 99 39 00 09 ca f1 00 c8 00 ce 09 25 13 87 00 1e a5
   95 84 02 08 74 84 02 08 74 02 99 39 00 09 ca f1 00 c8 00 ce 09 25 13 87 00 1e a5
   95 84 02 08 74 84 02 08 74 83 00 00 00 01 03 eb 00 26 00 52 4e 03 c6
   95 84 02 08 74 84 02 08 74 83 00 00 00 01 03 eb 00 25 00 52 cf 30 77
   95 84 02 08 74 84 02 08 74 02 99 39 00 09 ca f1 00 c8 00 ce 09 24 13 86 00 1e a5
   95 84 02 08 74 84 02 08 74 83 00 00 00 01 03 eb 00 25 00 53 0f f1 77
   95 84 02 08 74 84 02 08 74 83 00 00 00 01 03 eb 00 25 00 53 0f f1 77
   95 84 02 08 74 84 02 08 74 02 99 39 00 09 ca f2 00 c8 00 cf 09 24 13 86 00 1e a7
   95 84 02 08 74 84 02 08 74 01 00 01 01 0f 00 06 00 0f 01 10 00 06 00 10 00 09 9c
   95 84 02 08 74 84 02 08 74 02 99 39 00 09 ca f2 00 c8 00 cf 09 25 13 86 00 1e a6
   95 84 02 08 74 84 02 08 74 02 99 39 00 09 ca f2 00 c8 00 cf 09 25 13 87 00 1e a7
   95 84 02 08 74 84 02 08 74 83 00 00 00 01 03 ea 00 24 00 55 ec c6 a5
   95 84 02 08 74 84 02 08 74 01 00 01 01 0f 00 06 00 0f 01 0f 00 06 00 10 00 09 83
   95 84 02 08 74 84 02 08 74 02 99 39 00 09 ca f2 00 c8 00 cf 09 27 13 87 00 1e a5
   95 84 02 08 74 84 02 08 74 02 99 39 00 09 ca f2 00 c8 00 cf 09 27 13 87 00 1e a5
   95 84 02 08 74 84 02 08 74 83 00 00 00 01 03 e9 00 24 00 57 0c a0 22
   95 84 02 08 74 84 02 08 74 01 00 01 01 0f 00 06 00 0f 01 0f 00 06 00 10 00 09 83
   95 84 02 08 74 84 02 08 74 02 99 39 00 09 ca f2 00 c8 00 cf 09 28 13 88 00 1e a5
   95 84 02 08 74 84 02 08 74 02 99 39 00 09 ca f2 00 c8 00 cf 09 27 13 87 00 1e a5
   95 84 02 08 74 84 02 08 74 83 00 00 00 01 03 e9 00 25 00 58 7f fd 02
   95 84 02 08 74 84 02 08 74 83 00 00 00 01 03 e9 00 25 00 59 bf 3c 02
   95 84 02 08 74 84 02 08 74 83 00 00 00 01 03 ea 00 24 00 5a 1b a9 32
   95 84 02 08 74 84 02 08 74 02 99 39 00 09 ca f2 00 c8 00 cf 09 27 13 86 00 1d a7
   95 84 02 08 74 84 02 08 74 83 00 00 00 01 03 e9 00 24 00 5b db ed b4
   95 84 02 08 74 84 02 08 74 83 00 00 00 01 03 e9 00 23 00 5b fe d8 a3
   95 84 02 08 74 84 02 08 74 02 99 39 00 09 ca f2 00 c8 00 cf 09 27 13 86 00 1d a7
   95 84 02 08 74 84 02 08 74 01 00 01 01 10 00 06 00 0f 01 0e 00 06 00 0f 00 09 82
   95 84 02 08 74 84 02 08 74 83 00 00 00 01 03 e9 00 24 00 5e 18 81 1e
   95 84 02 08 74 84 02 08 74 01 00 01 01 10 00 06 00 0f 01 0f 00 06 00 0f 00 09 83
   95 84 02 08 74 84 02 08 74 02 99 39 00 09 ca f2 00 c8 00 cf 09 26 13 86 00 1d a6
   95 84 02 08 74 84 02 08 74 83 00 00 00 01 03 eb 00 24 00 5f fc bd c5
   95 84 02 08 74 84 02 08 74 02 99 39 00 09 ca f2 00 c8 00 cf 09 26 13 86 00 1d a6
   95 84 02 08 74 84 02 08 74 02 99 39 00 09 ca f2 00 c8 00 cf 09 27 13 86 00 1d a7
   95 84 02 08 74 84 02 08 74 01 00 01 01 0f 00 06 00 0f 01 0f 00 06 00 0f 00 09 9c
   95 84 02 08 74 84 02 08 74 83 00 00 00 01 03 eb 00 23 00 61 48 a7 52
   95 84 02 08 74 84 02 08 74 02 99 39 00 09 ca f2 00 c8 00 cf 09 27 13 87 00 1d a6
   95 84 02 08 74 84 02 08 74 83 00 00 00 01 03 eb 00 23 00 62 49 e7 10
   95 84 02 08 74 84 02 08 74 02 99 39 00 09 ca f2 00 c8 00 cf 09 28 13 87 00 1c a8
   95 84 02 08 74 84 02 08 74 83 00 00 00 01 03 eb 00 23 00 63 70 dd 12
   95 84 02 08 74 84 02 08 74 83 00 00 00 01 03 e9 00 23 00 63 b0 65 68
   95 84 02 08 74 84 02 08 74 02 99 39 00 09 ca f2 00 c8 00 cf 09 28 13 87 00 1c a8
   95 84 02 08 74 84 02 08 74 83 00 00 00 01 03 ea 00 23 00 64 72 a1 6a
   95 84 02 08 74 84 02 08 74 02 99 39 00 09 ca f2 00 c8 00 cf 09 28 13 87 00 1c a8
   95 84 02 08 74 84 02 08 74 83 00 00 00 01 03 ea 00 23 00 64 72 a1 6a
   95 84 02 08 74 84 02 08 74 02 99 39 00 09 ca f2 00 c8 00 cf 09 28 13 87 00 1c a8
   95 84 02 08 74 84 02 08 74 83 00 00 00 01 03 ea 00 23 00 64 72 a1 6a
   95 84 02 08 74 84 02 08 74 02 99 39 00 09 ca f2 00 c8 00 cf 09 28 13 87 00 1c a8
   95 84 02 08 74 84 02 08 74 83 00 00 00 01 03 ec 00 24 00 64 b3 98 93
   95 84 02 08 74 84 02 08 74 02 99 39 00 09 ca f2 00 c8 00 cf 09 28 13 87 00 1c a8
   95 84 02 08 74 84 02 08 74 83 00 00 00 01 03 ec 00 24 00 65 a7 97 89
   95 84 02 08 74 84 02 08 74 02 99 39 00 09 ca f2 00 c8 00 cf 09 28 13 87 00 1c a8
   95 84 02 08 74 84 02 08 74 83 00 00 00 01 03 ec 00 24 00 65 df 51 37
   95 84 02 08 74 84 02 08 74 02 99 39 00 09 ca f2 00 c8 00 cf 09 27 13 87 00 1c a7
   95 84 02 08 74 84 02 08 74 02 99 39 00 09 ca f2 00 c8 00 cf 09 27 13 87 00 1c a7
   95 84 02 08 74 84 02 08 74 83 00 00 00 01 03 e9 00 25 00 66 46 ec 14
   95 84 02 08 74 84 02 08 74 83 00 00 00 01 03 e9 00 25 00 66 46 ec 14
   95 84 02 08 74 84 02 08 74 02 99 39 00 09 ca f2 00 c8 00 cf 09 27 13 87 00 1c a7
   95 84 02 08 74 84 02 08 74 83 00 00 00 01 03 e9 00 25 00 66 62 05 d9
   95 84 02 08 74 84 02 08 74 02 99 39 00 09 ca f2 00 c8 00 cf 09 28 13 87 00 1c a8
   95 84 02 08 74 84 02 08 74 83 00 00 00 01 03 e9 00 25 00 67 82 62 5f
   95 84 02 08 74 84 02 08 74 02 99 39 00 09 ca f2 00 c8 00 cf 09 28 13 87 00 1c a8
   95 84 02 08 74 84 02 08 74 83 00 00 00 01 03 e9 00 25 00 67 82 62 5f
   95 84 02 08 74 84 02 08 74 83 00 00 00 01 03 eb 00 24 00 68 a3 61 71
   95 84 02 08 74 84 02 08 74 02 99 39 00 09 ca f2 00 c8 00 cf 09 29 13 87 00 1c a9
   95 84 02 08 74 84 02 08 74 02 99 39 00 09 ca f2 00 c8 00 cf 09 29 13 86 00 1c a8
   95 84 02 08 74 84 02 08 74 83 00 00 00 01 03 ea 00 24 00 69 e7 79 2d
   95 84 02 08 74 84 02 08 74 02 99 39 00 09 ca f2 00 c8 00 cf 09 29 13 86 00 1c a8
   95 84 02 08 74 84 02 08 74 02 99 39 00 09 ca f2 00 c8 00 cf 09 29 13 86 00 1c a8
   95 84 02 08 74 84 02 08 74 02 99 39 00 09 ca f2 00 c8 00 cf 09 29 13 86 00 1c a8
   95 84 02 08 74 84 02 08 74 01 00 01 01 10 00 06 00 0f 01 10 00 05 00 0f 00 09 9f
   95 84 02 08 74 84 02 08 74 83 00 00 00 01 03 ea 00 24 00 6b e9 de 86
   95 84 02 08 74 84 02 08 74 02 99 39 00 09 ca f2 00 c8 00 cf 09 29 13 85 00 1d aa
   95 84 02 08 74 84 02 08 74 01 00 01 01 0f 00 06 00 0f 01 0f 00 05 00 0f 00 09 9f
   95 84 02 08 74 84 02 08 74 02 99 39 00 09 ca f2 00 c8 00 cf 09 29 13 85 00 1d aa
   95 84 02 08 74 84 02 08 74 02 99 39 00 09 ca f2 00 c8 00 cf 09 29 13 85 00 1d aa
   95 84 02 08 74 84 02 08 74 83 00 00 00 01 03 ea 00 25 00 6c a7 8a 9a
   95 84 02 08 74 84 02 08 74 02 99 39 00 09 ca f2 00 c8 00 cf 09 29 13 85 00 1d aa
   95 84 02 08 74 84 02 08 74 83 00 00 00 01 03 ea 00 25 00 6d 67 4b 9a
   95 84 02 08 74 84 02 08 74 02 99 39 00 09 ca f2 00 c8 00 cf 09 29 13 85 00 1d aa
   95 84 02 08 74 84 02 08 74 83 00 00 00 01 03 ea 00 25 00 6d 67 4b 9a
   95 84 02 08 74 84 02 08 74 83 00 00 00 01 03 ea 00 25 00 6d 2b 0f 92
   95 84 02 08 74 84 02 08 74 83 00 00 00 01 03 ea 00 25 00 6d 2b 0f 92
   95 84 02 08 74 84 02 08 74 02 99 39 00 09 ca f2 00 c8 00 cf 09 28 13 85 00 1d ab
   95 84 02 08 74 84 02 08 74 83 00 00 00 01 03 eb 00 25 00 6e a6 f7 e5
   95 84 02 08 74 84 02 08 74 83 00 00 00 01 03 ea 00 25 00 6e ee ea b1
   95 84 02 08 74 84 02 08 74 01 00 01 01 10 00 06 00 0f 01 0f 00 05 00 0f 00 09 80
   95 84 02 08 74 84 02 08 74 02 99 39 00 09 ca f2 00 c8 00 cf 09 29 13 85 00 1d aa
   95 84 02 08 74 84 02 08 74 83 00 00 00 01 03 e9 00 25 00 6f 0a 86 3b
   95 84 02 08 74 84 02 08 74 83 00 00 00 01 03 ea 00 23 00 70 8d ff df
   95 84 02 08 74 84 02 08 74 02 99 39 00 09 ca f2 00 c8 00 cf 09 28 13 86 00 1d a8
   95 84 02 08 74 84 02 08 74 83 00 00 00 01 03 e8 00 25 00 72 22 39 b0
   95 84 02 08 74 84 02 08 74 83 00 00 00 01 03 e9 00 25 00 72 6e ec 28
   95 84 02 08 74 84 02 08 74 02 99 39 00 09 ca f2 00 c8 00 cf 09 29 13 86 00 1d a9
   95 84 02 08 74 84 02 08 74 01 00 01 01 10 00 06 00 10 01 10 00 06 00 0f 00 09 83
   95 84 02 08 74 84 02 08 74 02 99 39 00 09 ca f2 00 c8 00 cf 09 29 13 86 00 1d a9
   95 84 02 08 74 84 02 08 74 02 99 39 00 09 ca f2 00 c8 00 cf 09 29 13 86 00 1d a9
   95 84 02 08 74 84 02 08 74 83 00 00 00 01 03 e8 00 24 00 73 6e 2c e9
   95 84 02 08 74 84 02 08 74 83 00 00 00 01 03 ea 00 24 00 73 02 9c 37
   95 84 02 08 74 84 02 08 74 02 99 39 00 09 ca f2 00 c8 00 cf 09 28 13 86 00 1d a8
   95 84 02 08 74 84 02 08 74 83 00 00 00 01 03 ea 00 24 00 73 02 9c 37
   95 84 02 08 74 84 02 08 74 83 00 00 00 01 03 ea 00 24 00 73 02 9c 37
   95 84 02 08 74 84 02 08 74 02 99 39 00 09 ca f2 00 c8 00 cf 09 28 13 86 00 1d a8
   95 84 02 08 74 84 02 08 74 83 00 00 00 01 03 ea 00 24 00 73 02 9c 37
   95 84 02 08 74 84 02 08 74 02 99 39 00 09 ca f2 00 c8 00 cf 09 28 13 86 00 1d a8
   95 84 02 08 74 84 02 08 74 01 00 01 01 0f 00 06 00 10 01 10 00 06 00 0f 00 09 9c
   95 84 02 08 74 84 02 08 74 02 99 39 00 09 ca f2 00 c8 00 cf 09 2a 13 86 00 1e a9
   95 84 02 08 74 84 02 08 74 02 99 39 00 09 ca f2 00 c8 00 cf 09 2b 13 86 00 1e a8
   95 84 02 08 74 84 02 08 74 83 00 00 00 01 03 ea 00 24 00 74 85 91 ba
   95 84 02 08 74 84 02 08 74 01 00 01 01 0f 00 06 00 10 01 0f 00 06 00 0f 00 09 83
   95 84 02 08 74 84 02 08 74 83 00 00 00 01 03 ea 00 24 00 74 85 91 ba
   95 84 02 08 74 84 02 08 74 02 99 39 00 09 ca f2 00 c8 00 cf 09 2b 13 86 00 1e a8
   95 84 02 08 74 84 02 08 74 01 00 01 01 10 00 06 00 10 01 10 00 06 00 0f 00 09 83
   95 84 02 08 74 84 02 08 74 02 99 39 00 09 ca f2 00 c8 00 cf 09 2a 13 86 00 1e a9
   95 84 02 08 74 84 02 08 74 02 99 39 00 09 ca f2 00 c8 00 cf 09 2c 13 86 00 1e af
   95 84 02 08 74 84 02 08 74 83 00 00 00 01 03 eb 00 24 00 76 86 6a 41
   95 84 02 08 74 84 02 08 74 02 99 39 00 09 ca f2 00 c8 00 cf 09 2c 13 86 00 1e af
   95 84 02 08 74 84 02 08 74 02 99 39 00 09 ca f2 00 c8 00 cf 09 2c 13 87 00 1e ae
   95 84 02 08 74 84 02 08 74 83 00 00 00 01 03 e8 00 24 00 77 bc c8 db
   95 84 02 08 74 84 02 08 74 01 00 01 01 0e 00 06 00 10 01 0e 00 06 00 10 00 09 9c
   95 84 02 08 74 84 02 08 74 02 99 39 00 09 ca f2 00 c8 00 cf 09 2c 13 87 00 1e ae
   95 84 02 08 74 84 02 08 74 01 00 01 01 10 00 06 00 10 01 0f 00 06 00 10 00 09 83
   95 84 02 08 74 84 02 08 74 02 99 39 00 09 ca f2 00 c8 00 cf 09 2e 13 87 00 1e ac
   95 84 02 08 74 84 02 08 74 83 00 00 00 01 03 e9 00 25 00 79 15 c2 76
   95 84 02 08 74 84 02 08 74 02 99 39 00 09 ca f2 00 c8 00 cf 09 2d 13 87 00 1e af
   95 84 02 08 74 84 02 08 74 01 00 01 01 10 00 06 00 10 01 10 00 06 00 10 00 09 9c
   95 84 02 08 74 84 02 08 74 02 99 39 00 09 ca f2 00 c8 00 cf 09 29 13 87 00 1f aa
   95 84 02 08 74 84 02 08 74 83 00 00 00 01 03 ea 00 23 00 7b 0f 4d e4
   95 84 02 08 74 84 02 08 74 02 99 39 00 09 ca f2 00 c8 00 cf 09 2a 13 86 00 1f a8
   95 84 02 08 74 84 02 08 74 83 00 00 00 01 03 ea 00 23 00 7b 6b 88 45
   95 84 02 08 74 84 02 08 74 83 00 00 00 01 03 e9 00 24 00 7c 48 1d f0
   95 84 02 08 74 84 02 08 74 83 00 00 00 01 03 ea 00 24 00 7c 0d fe 55
   95 84 02 08 74 84 02 08 74 83 00 00 00 01 03 e9 00 24 00 7c 8d fb d3
   95 84 02 08 74 84 02 08 74 01 00 01 01 10 00 06 00 10 01 0f 00 06 00 10 00 09 83
   95 84 02 08 74 84 02 08 74 02 99 39 00 09 ca f2 00 c8 00 cf 09 29 13 87 00 1f aa
   95 84 02 08 74 84 02 08 74 83 00 00 00 01 03 ea 00 24 00 7d cc 7c 17
   95 84 02 08 74 84 02 08 74 83 00 00 00 01 03 ea 00 24 00 7d 0c 11 ba
